0 0.657268193127339 0.8984066051783823 0.18377502174383709 0.2031867896432353
0 0.7794846162551183 0.3691867312676322 0.1151973054302491 0.27928502330284155
0 0.7321635746101621 0.35112060295492376 0.07750187001996195 0.24530273476061792
0 0.8804563763359409 0.42269236867841686 0.07346028076352067 0.21387058219113633
0 0.8379430269986771 0.4049905455046716 0.04690221445183586 0.16397213341939754
0 0.8219979655923821 0.3868885544413775 0.03805293288770228 0.1321756757109528
0 0.9229697256732047 0.4403941918521621 0.06373935914804299 0.11975627705217316
0 0.5098044845721419 0.8630761037403397 0.16769375847959694 0.27384779251932057
0 0.38923934697349283 0.8891623622771925 0.135698098666914 0.2216752754456151
0 0.31685155864221753 0.8025321147498519 0.1537541592725963 0.39493577050029616
0 0.14020119159600325 0.6634464459027988 0.2299417980022746 0.32150004022232154
0 0.0798206872116663 0.8563902527954 0.1596413744233326 0.2355438991428906
0 0.053417540793487026 0.8950698065770057 0.10683508158697405 0.17956269007708853
1 0.6601504061876192 0.8042083207960614 0.1044685419054824 0.165939948933109
1 0.48556172024676236 0.8199394896395419 0.10594963991156393 0.33125887584004915
1 0.3225785486916581 0.683299656568014 0.06789670702386139 0.19908320012909625
1 0.3775146235623466 0.809338777859025 0.05220360609488877 0.2194427475273408
1 0.13608127979130524 0.6269333721714025 0.11863965835123712 0.16222517204230621
1 0.054884201371837624 0.9445128739250406 0.10976840274367525 0.0651247002904666
1 0.06463668284636309 0.7928704822879584 0.036929332359036234 0.0650501359727422