0 0.2692307692307692 0.8701923076923077 0.15384615384615385 0.25961538461538464
0 0.21875 0.28846153846153844 0.08173076923076923 0.265625
0 0.2668269230769231 0.2776442307692308 0.04927884615384615 0.23677884615384615
0 0.11177884615384616 0.3269230769230769 0.04927884615384615 0.20552884615384615
0 0.15625 0.3161057692307692 0.026442307692307692 0.15865384615384615
0 0.17427884615384615 0.3004807692307692 0.021634615384615384 0.12980769230769232
0 0.0673076923076923 0.3389423076923077 0.05048076923076923 0.11177884615384616
0 0.4206730769230769 0.8449519230769231 0.12980769230769232 0.31009615384615385
0 0.5384615384615384 0.8786057692307693 0.10576923076923077 0.24278846153846154
0 0.6213942307692307 0.7980769230769231 0.1045673076923077 0.40384615384615385
0 0.8149038461538461 0.6730769230769231 0.19471153846153846 0.2920673076923077
0 0.8713942307692307 0.875 0.17668269230769232 0.2091346153846154
0 0.9134615384615384 0.9206730769230769 0.17307692307692307 0.15745192307692307
1 0.28365384615384615 0.7367788461538461 0.08653846153846154 0.15264423076923078
1 0.4543269230769231 0.7776442307692307 0.06610576923076923 0.32091346153846156
1 0.6322115384615384 0.6658653846153846 0.04447115384615385 0.19110576923076922
1 0.5625 0.7824519230769231 0.026442307692307692 0.21394230769230768
1 0.8233173076923077 0.6370192307692307 0.09975961538461539 0.1466346153846154
1 0.8762019230769231 0.9651442307692307 0.12620192307692307 0.04567307692307692
1 0.8737980769230769 0.8112980769230769 0.030048076923076924 0.06009615384615385