0 0.17307692307692307 0.7776442307692307 0.12620192307692307 0.27524038461538464
0 0.5997596153846154 0.8076923076923077 0.14423076923076922 0.3485576923076923
0 0.4182692307692308 0.6274038461538461 0.09254807692307693 0.20673076923076922
0 0.5036057692307693 0.5372596153846154 0.05889423076923077 0.1622596153846154
0 0.22596153846153846 0.32572115384615385 0.13701923076923078 0.2668269230769231
0 0.2548076923076923 0.18028846153846154 0.1045673076923077 0.17668269230769232
0 0.26322115384615385 0.0829326923076923 0.07932692307692307 0.1141826923076923
0 0.28365384615384615 0.06490384615384616 0.05889423076923077 0.12980769230769232
0 0.625 0.21995192307692307 0.08413461538461539 0.21875
0 0.7295673076923077 0.11658653846153846 0.04927884615384615 0.15625
1 0.12740384615384615 0.8125 0.025240384615384616 0.037259615384615384
1 0.6586538461538461 0.22115384615384615 0.030048076923076924 0.028846153846153848
1 0.21634615384615385 0.1310096153846154 0.025240384615384616 0.025240384615384616
1 0.5697115384615384 0.8822115384615384 0.03125 0.046875