0 0.3858173076923077 0.7415865384615384 0.18509615384615385 0.515625
0 0.20673076923076922 0.5853365384615384 0.20793269230769232 0.4230769230769231
0 0.21514423076923078 0.4362980769230769 0.09975961538461539 0.3954326923076923
0 0.36658653846153844 0.25841346153846156 0.07091346153846154 0.3245192307692308
0 0.6262019230769231 0.48677884615384615 0.0985576923076923 0.3942307692307692
0 0.7259615384615384 0.3545673076923077 0.08413461538461539 0.36538461538461536
0 0.8497596153846154 0.2848557692307692 0.08173076923076923 0.35697115384615385
0 0.8930288461538461 0.1971153846153846 0.0673076923076923 0.27163461538461536
0 0.9471153846153846 0.21634615384615385 0.06850961538461539 0.2920673076923077
0 0.9014423076923077 0.08653846153846154 0.038461538461538464 0.14903846153846154
1 0.21514423076923078 0.3786057692307692 0.06129807692307692 0.06850961538461539
1 0.4362980769230769 0.7512019230769231 0.04567307692307692 0.06971153846153846
1 0.5865384615384616 0.47836538461538464 0.020432692307692308 0.04447115384615385
1 0.8016826923076923 0.2620192307692308 0.02403846153846154 0.030048076923076924