0 0.6011351017857086 0.7546939771848421 0.2426047264101105 0.4906120456303159
0 0.7750588552220277 0.6253784992217292 0.2558075281651989 0.45553310437867583
0 0.76305388640042 0.47617581648907886 0.14376136671455916 0.41109639387483116
0 0.6063998190704358 0.2967221340720241 0.10716904381327949 0.33643087328670457
0 0.35241861351377746 0.523425955961952 0.14125957133579845 0.40851039515150345
0 0.2493388962862519 0.39022909033528097 0.1256611037137481 0.3785713258884601
0 0.12318185767834386 0.32038777402186286 0.12055956373131248 0.3709954822879584
0 0.07738020900896062 0.23131710788595208 0.09780262240362313 0.2829998001936444
0 0.036404604738335046 0.2517125180347821 0.07280920947667009 0.3015019591464873
0 0.06621189874256801 0.12075811618432185 0.05424772424653333 0.15508535908193918
1 0.7605969754906745 0.4181192036578081 0.06784232290127953 0.07703350399138714
1 0.5501156118179099 0.7903840762990312 0.05341924597820261 0.07594058857449791
1 0.392522846564354 0.5156141656660902 0.02589949681183608 0.04749460261789264
1 0.17113429915240277 0.2974974414344459 0.027715647616195528 0.0332536782642973