0 0.15900726251252578 0.7637229527983227 0.13623766408190102 0.2804125456593
0 0.5842223135548139 0.8044451127405632 0.15830581966877505 0.3551835179699289
0 0.4098253948296913 0.6201889394310516 0.09977440190757966 0.2102814379620974
0 0.4992781611472391 0.5314136173676954 0.06585483756525229 0.1642167630857338
0 0.2301321042785081 0.3134065404813301 0.14821493934768737 0.2733408636096495
0 0.264625060501242 0.16878417329727438 0.11162581066303286 0.1815751405278315
0 0.27721069056697206 0.07128854765461712 0.08481988860754044 0.1187674564216778
0 0.29772030129764576 0.05974567075111971 0.06321324355855464 0.11949134150223942
0 0.6333077714247012 0.21737519683692702 0.09263278928511526 0.22221675488419523
0 0.7420612328120921 0.11635687374531933 0.056211482614238244 0.15929718564853113
1 0.11193647016311863 0.7979222389585322 0.02666607037734444 0.03876922256769214
1 0.6669476324107324 0.21938744503748667 0.031417822013777436 0.029209780517062765
1 0.22886105671766044 0.11872297330216927 0.026596144538270475 0.026749991798461374
1 0.5513438428595395 0.8781400327449684 0.03393354951014215 0.04846852103020948