1 0.3016826923076923 0.8209134615384616 0.07572115384615384 0.22235576923076922
1 0.45913461538461536 0.7776442307692307 0.04567307692307692 0.3088942307692308
1 0.6334134615384616 0.6682692307692307 0.04447115384615385 0.20673076923076922
1 0.8516179495192309 0.5878791995192307 0.8442129326923078 0.5709014206730769 0.8331055985576923 0.5986831730769231 0.8201469783653846 0.5786185985576923 0.8108908028846155 0.5925094735576922 0.8173703028846154 0.6187478004807693 0.7544283605769231 0.678941625 0.7646101802884615 0.7175273990384615 0.8590229663461538 0.6295518221153846 0.8877168822115385 0.5847922956730769 0.8645765697115385 0.5431196706730769 0.8516179495192309 0.5878791995192307
0 0.2932692307692308 0.9098557692307693 0.14903846153846154 0.18028846153846154
0 0.4375 0.8413461538461539 0.15625 0.3173076923076923
0 0.5408653846153846 0.8846153846153846 0.10096153846153846 0.23076923076923078
0 0.6213942307692307 0.796875 0.10817307692307693 0.3786057692307692
0 0.8112980769230769 0.6622596153846154 0.20072115384615385 0.30408653846153844
0 0.875 0.8870192307692307 0.17668269230769232 0.22596153846153846
0 0.9483173076923077 0.8870192307692307 0.09975961538461539 0.140625
0 0.9495192307692307 0.9759615384615384 0.09975961538461539 0.04807692307692308