1 0.6120880393881402 0.8259968878542361 0.1165174804340959 0.23384680106368913
1 0.4660725230679219 0.7654296180243995 0.10349722911347925 0.315087956838522
1 0.3147784513614945 0.6377994626148389 0.0819679468081776 0.21363680492104684
1 0.1537205168269231 0.5431256105769231 0.14718834134615386 0.5282921634615385 0.13072195432692307 0.5468126201923077 0.12494255048076923 0.5179629350961539 0.11451168990384615 0.5340270288461538 0.11005692307692307 0.48809173798076927 0.07957005769230768 0.5269738149038461 0.09950498557692308 0.5746456370192308 0.17608547596153848 0.672540625 0.19325198076923078 0.6352977716346154 0.14248423076923078 0.568499766826923 0.1537205168269231 0.5431256105769231
0 0.6039215190601775 0.8982521620284596 0.18080222752354494 0.17090140873358942
0 0.47414678787700887 0.8240090972862425 0.21452199592643828 0.3279208013072041
0 0.36549622002071985 0.863179332278103 0.14351959279644858 0.24663542440653458
0 0.30272294554039253 0.7677820168710798 0.17679151746330596 0.39403943236476435
0 0.14069719380583792 0.6128573545893861 0.2557232633438499 0.33632140101887403
0 0.07248405039298302 0.8279408893153243 0.14496810078596603 0.25277206752319753
0 0.012750112618684665 0.8188372287187946 0.02550022523736933 0.1555947733316416