0 0.20552884615384615 0.2764423076923077 0.10216346153846154 0.2512019230769231
0 0.24879807692307693 0.2800480769230769 0.046875 0.22355769230769232
0 0.09495192307692307 0.31009615384615385 0.04807692307692308 0.14783653846153846
0 0.13942307692307693 0.30288461538461536 0.03125 0.1466346153846154
0 0.052884615384615384 0.3076923076923077 0.030048076923076924 0.14302884615384615
0 0.28365384615384615 0.9074519230769231 0.14903846153846154 0.18509615384615385
0 0.4362980769230769 0.8377403846153846 0.14182692307692307 0.3245192307692308
0 0.5372596153846154 0.8846153846153846 0.10817307692307693 0.23076923076923078
0 0.625 0.8004807692307693 0.0985576923076923 0.3798076923076923
0 0.8137019230769231 0.671875 0.19591346153846154 0.2848557692307692
0 0.8737980769230769 0.8701923076923077 0.1778846153846154 0.20192307692307693
0 0.9663461538461539 0.8786057692307693 0.04807692307692308 0.13942307692307693
0 0.9038461538461539 0.9723557692307693 0.19230769230769232 0.04927884615384615
1 0.29447115384615385 0.8064903846153846 0.0733173076923077 0.20552884615384615
1 0.46153846153846156 0.7740384615384616 0.056490384615384616 0.3088942307692308
1 0.5588942307692307 0.7848557692307693 0.028846153846153848 0.1971153846153846
1 0.6334134615384616 0.6706730769230769 0.038461538461538464 0.20793269230769232
1 0.8257211538461539 0.6442307692307693 0.08774038461538461 0.19230769230769232