0 0.24556097201983357 0.19793993772160004 0.17803089091912833 0.2777529874430966
0 0.2865490463783106 0.20821945885378407 0.11479514919273985 0.23508911653302983
0 0.1295876839076742 0.21321995448431277 0.09188527459786194 0.15939323267821115
0 0.1749664244669791 0.21363195105420052 0.07466590303590952 0.1534088872849309
0 0.090905343581786 0.20397426313111067 0.07446967879339485 0.15100504113108476
0 0.1278482270077062 0.8347740418765196 0.20496395758380562 0.22705358493171593
0 0.2952588279413731 0.789605804813706 0.23999097670308864 0.36334990252651195
0 0.3765973470531959 0.8472563691647483 0.17606864849398163 0.25371452590463517
0 0.4877627444915801 0.7737544948245694 0.21089944337074995 0.387606997345585
0 0.7065860806249196 0.6843590071875484 0.2811017408046581 0.3399332741971446
0 0.7054828647675024 0.8589152632796415 0.23287814546105615 0.1883734131895659
0 0.7914818088220901 0.888753503563512 0.0875683412625392 0.1065086172935959
1 0.16935104286213915 0.7362668895514977 0.13544864336478185 0.22458272544526908
1 0.33953355917892936 0.7303418807822927 0.15050915152690708 0.32124085149293874
1 0.42823068575113515 0.7564062585374528 0.0884019967441022 0.20456202970746473
1 0.5345392356381569 0.6545625102449434 0.10140234872590635 0.2174217269664012
1 0.7265771692039122 0.6590598459145286 0.14668297716395393 0.21580780731959018