0 0.1701361381982807 0.8146582712001914 0.26962202751930114 0.3706834575996172
0 0.3130179153532823 0.8439820383203641 0.19475950350871124 0.3120359233592718
0 0.41697217106229384 0.8969360969648041 0.1510490657429467 0.20612780607039183
0 0.5146956127901745 0.8209812224354406 0.1974574876602464 0.3580375551291188
0 0.7303545850553612 0.7429680356885086 0.25485565735486493 0.3378199997828085
0 0.7559390563764367 0.9201096798178666 0.2280212979096938 0.15978064036426678
0 0.7708774698937181 0.9882574206948375 0.20020581725194914 0.023485158610325057
0 0.15082985080726022 0.23823595530440825 0.13755795478877306 0.2783550039388442
0 0.21899617295051635 0.27602004025720756 0.12097641119803476 0.25107264767725795
0 0.045134352903534625 0.27555484204124886 0.07623569697602689 0.17190944123610472
0 0.09949065010701003 0.2606061739747576 0.06926953800067322 0.1451871173540375
1 0.18997956268018032 0.6462823519969552 0.10483647133599593 0.19989183797208993
1 0.3638174002035757 0.8097772101193679 0.11283251003542734 0.3271556760310562
1 0.4668884484551883 0.8194033274299671 0.07476381679108399 0.21249480966172987
1 0.5593625941466771 0.7221401492122974 0.0779525599149887 0.22225020237199436
1 0.7459304298116911 0.7148919263641935 0.1308863305432744 0.1966242347080751