0 0.27403846153846156 0.8317307692307693 0.20192307692307693 0.33653846153846156
0 0.421875 0.8449519230769231 0.13221153846153846 0.31009615384615385
0 0.5372596153846154 0.8870192307692307 0.10576923076923077 0.22596153846153846
0 0.6189903846153846 0.8040865384615384 0.1201923076923077 0.3918269230769231
0 0.8088942307692307 0.6610576923076923 0.1935096153846154 0.30408653846153844
0 0.8774038461538461 0.8641826923076923 0.18870192307692307 0.1971153846153846
0 0.9086538461538461 0.9483173076923077 0.18269230769230768 0.10216346153846154
0 0.13822115384615385 0.2704326923076923 0.08413461538461539 0.26322115384615385
0 0.21394230769230768 0.2956730769230769 0.0733173076923077 0.23798076923076922
0 0.042067307692307696 0.32572115384615385 0.042067307692307696 0.16346153846153846
0 0.09254807692307693 0.3016826923076923 0.042067307692307696 0.13701923076923078
1 0.25961538461538464 0.6622596153846154 0.06610576923076923 0.18870192307692307
1 0.46274038461538464 0.7920673076923077 0.046875 0.31971153846153844
1 0.5661057692307693 0.7824519230769231 0.03365384615384615 0.20673076923076922
1 0.6370192307692307 0.6706730769230769 0.03365384615384615 0.21514423076923078
1 0.8185096153846154 0.6310096153846154 0.09495192307692307 0.17908653846153846