0 0.08052884615384616 0.2969356960432926 0.16105769230769232 0.33882091560572253
0 0.13581730769230768 0.3494135045781823 0.07211538461538461 0.1992137279979699
0 0.3245192307692308 0.8018555317014431 0.2403846153846154 0.3843983240957971
0 0.49399038461538464 0.8401936555215985 0.20432692307692307 0.29681069086604295
0 0.6021634615384616 0.8574788327554129 0.13221153846153846 0.24423157825268843
0 0.6706730769230769 0.764139252695803 0.17307692307692307 0.40407448565666637
0 0.8341346153846154 0.597123392310661 0.24519230769230768 0.34126898288540536
0 0.9122596153846154 0.7811482639026038 0.17548076923076922 0.2214521227437782
0 0.9387019230769231 0.8693211790212969 0.12259615384615384 0.0997210299042412
1 0.2644230769230769 0.6040849204177001 0.08173076923076923 0.22593581480795558
1 0.5108173076923077 0.8024444266810467 0.09375 0.3056124617819762
1 0.6069711538461539 0.7599831739658047 0.057692307692307696 0.21081329009068384
1 0.6610576923076923 0.6213901856596349 0.0673076923076923 0.20147768459297694
1 0.828125 0.5612405619515175 0.12740384615384615 0.1671686117707725
1 0.9194711538461539 0.7232461218720376 0.038461538461538464 0.05400373185532759