0 0.08774038461538461 0.23317307692307693 0.17548076923076922 0.31009615384615385
0 0.16346153846153846 0.2980769230769231 0.04326923076923077 0.1935096153846154
0 0.27403846153846156 0.8016826923076923 0.18028846153846154 0.39663461538461536
0 0.4375 0.8581730769230769 0.16105769230769232 0.2824519230769231
0 0.5420673076923077 0.8858173076923077 0.0985576923076923 0.2283653846153846
0 0.6237980769230769 0.8064903846153846 0.11298076923076923 0.3870192307692308
0 0.8112980769230769 0.671875 0.19951923076923078 0.30649038461538464
0 0.8774038461538461 0.8713942307692307 0.18389423076923078 0.19110576923076922
0 0.90625 0.9663461538461539 0.18629807692307693 0.0673076923076923
1 0.25 0.5733173076923077 0.04927884615384615 0.21875
1 0.46153846153846156 0.8149038461538461 0.046875 0.29927884615384615
1 0.5625 0.7908653846153846 0.025240384615384616 0.20673076923076922
1 0.6370192307692307 0.6646634615384616 0.037259615384615384 0.1971153846153846
1 0.8112980769230769 0.6358173076923077 0.10576923076923077 0.14903846153846154
1 0.875 0.8125 0.03245192307692308 0.04807692307692308