0 0.234375 0.27524038461538464 0.15264423076923078 0.22716346153846154
0 0.1201923076923077 0.2776442307692308 0.0829326923076923 0.23197115384615385
0 0.051682692307692304 0.2956730769230769 0.054086538461538464 0.18389423076923078
0 0.15745192307692307 0.23798076923076922 0.03245192307692308 0.08413461538461539
0 0.016826923076923076 0.3076923076923077 0.03365384615384615 0.17067307692307693
0 0.25600961538461536 0.7992788461538461 0.14543269230769232 0.40024038461538464
0 0.4110576923076923 0.8100961538461539 0.18269230769230768 0.3798076923076923
0 0.5420673076923077 0.8882211538461539 0.0889423076923077 0.22355769230769232
0 0.6213942307692307 0.7992788461538461 0.10697115384615384 0.38341346153846156
0 0.8100961538461539 0.6706730769230769 0.20072115384615385 0.296875
0 0.8725961538461539 0.8737980769230769 0.17668269230769232 0.19471153846153846
0 0.9117828365384616 0.8425452740384615 0.8830887932692307 0.9073693197115384 0.8923449711538461 0.9613893413461538 0.8469898629807692 0.97373684375 0.8090396442307692 0.9860842427884615 0.8034860408653847 0.9999751177884615 0.9821295432692309 1 0.9700966923076924 0.9691065192307692 0.937700204326923 0.9521288990384615 0.937700204326923 0.9058259471153847 0.9117828365384616 0.8425452740384615
0 1 0.8903916995192307 0.9990740793269232 0.8890817884615385 0.9395513629807692 0.9258905216346154 0.9460306105769232 0.9644761899038462 0.9719478509615385 0.97373684375 0.9784270961538462 1 1 1 1 0.8903916995192307
1 0.24158653846153846 0.5721153846153846 0.055288461538461536 0.1971153846153846
1 0.42788461538461536 0.7055288461538461 0.05048076923076923 0.2403846153846154
1 0.5637019230769231 0.7872596153846154 0.027644230769230768 0.203125
1 0.6334134615384616 0.6682692307692307 0.04326923076923077 0.21033653846153846
1 0.8269230769230769 0.6490384615384616 0.0985576923076923 0.17668269230769232
1 0.875 0.8064903846153846 0.03245192307692308 0.046875