0 0.7235767381029452 0.29585007279175507 0.19125461175038028 0.2590359029729074
0 0.837019200199591 0.2911900897112353 0.12377903112782408 0.249127938719731
0 0.9076388571870402 0.3049770520494033 0.08595851151405781 0.1959148809467382
0 0.7961690827900484 0.25314665051453844 0.04637516459421785 0.0922210539429761
0 0.9434447170224363 0.31492087905316535 0.06373628702741795 0.17744858474448086
0 0.757043548247875 0.8029544722395234 0.21404157000498167 0.39409105552095325
0 0.603266071353311 0.8163653249345285 0.2471917512142353 0.3672693501309429
0 0.4810438366767911 0.9041415723004989 0.12808305849092386 0.19171685539900232
0 0.3924678400258961 0.8206251401254996 0.17208491134297993 0.3587497197490009
0 0.19145671116754034 0.7291341158687265 0.2516331324805149 0.34033064156354204
0 0.1510453603404113 0.9093465936811869 0.20847072120277962 0.18130681263762638
0 0.14198059855769232 1 0.14392483653846153 0.9701580721153846 0.1085905 0.9071215528846154 0.08941806249999999 0.9721159495192307 0.09233214423076924 1 0.14198059855769232 1
0 0.08919968028846154 1 0.08967451923076923 0.9923155793269232 0.026591884615384618 0.9592943798076923 0.025807483173076923 0.9606647403846154 0.029918295673076925 1 0.08919968028846154 1
1 0.746947424971361 0.592871362610651 0.08878207845506453 0.2081162642854504
1 0.5755417259654586 0.7389566814702685 0.09269691944268811 0.2515676476241626
1 0.4494618895858732 0.8294265158113235 0.06242371492018879 0.20851643217499954
1 0.36790283820877856 0.7147870226716506 0.07958641462684021 0.219406884776755
1 0.17289749519622785 0.7084461260821046 0.12914379812585655 0.19678978104356032
1 0.14199087995417742 0.8687931394871633 0.04022436576761225 0.053395210342474596