0 0.21514423076923078 0.24879807692307693 0.19591346153846154 0.2644230769230769
0 0.125 0.2800480769230769 0.06971153846153846 0.21875
0 0.07091346153846154 0.296875 0.057692307692307696 0.171875
0 0.4206730769230769 0.5324519230769231 0.1310096153846154 0.5024038461538461
0 0.3269230769230769 0.5096153846153846 0.10096153846153846 0.328125
0 0.5192307692307693 0.859375 0.125 0.28125
0 0.6165865384615384 0.8040865384615384 0.1141826923076923 0.3918269230769231
0 0.8125 0.6850961538461539 0.19591346153846154 0.2800480769230769
0 0.8725961538461539 0.8942307692307693 0.16826923076923078 0.21153846153846154
0 0.96875 0.9579326923076923 0.0625 0.0829326923076923
1 0.6370192307692307 0.6682692307692307 0.040865384615384616 0.20432692307692307
1 0.5456730769230769 0.7956730769230769 0.051682692307692304 0.2932692307692308
1 0.828125 0.6634615384615384 0.07692307692307693 0.22235576923076922
1 0.8701923076923077 0.8269230769230769 0.03245192307692308 0.04567307692307692