0 0.8228496440923425 0.2130173507621338 0.236773318936878 0.2978258838228233
0 0.9131317788142099 0.24603224351451786 0.10326853556521069 0.23029733737851063
0 0.9622602643183693 0.26375057865527934 0.07547947136326136 0.18094534631521644
0 0.6103043598404194 0.49603792114762424 0.20829245242354683 0.5253163683413858
0 0.7055339332282717 0.47432874144528425 0.15137405684754632 0.3463747002904666
0 0.5042823921543594 0.8205047771992532 0.16767796231933516 0.3021588439232424
0 0.40780615597580916 0.7662195742012169 0.17476405352528715 0.41273576700016545
0 0.21520835666013743 0.6443369380742496 0.23769759170287147 0.31224896074590036
0 0.15010019811454917 0.8533818965824008 0.1995764271800557 0.23998728631161972
0 0.07183545175625644 0.9136616224063128 0.03214198974926903 0.09094598595660514
1 0.3906121031604072 0.6298378774251716 0.07094021733821794 0.211102430898327
1 0.4797674951301948 0.7583511509629234 0.09587066862594841 0.30150195914648736
1 0.19932184785757043 0.6225933150296007 0.1107881649487469 0.23565148739464747
1 0.15299846366811687 0.7855277465662639 0.03913860152767143 0.05080921161914686