0 0.5868635041556332 0.7962215239963135 0.2532039348702008 0.3876387020684832
0 0.8958071826176592 0.28481071019679416 0.0785199335485353 0.21550891162008556
0 0.7560793767172136 0.23631717588493528 0.1597263385860915 0.29903008533974373
0 0.4542468105262752 0.6308337254513885 0.1617318007853858 0.38310875058408117
0 0.1983648357839465 0.9147723470018695 0.2552809484044844 0.1523974798332267
0 0.20815730873441313 0.688307257277831 0.19565805065512265 0.2974654912900643
0 0.35751583167916967 0.6679834504335468 0.19120785582484545 0.39579938303664564
0 0.5380750365298964 0.30156074263664484 0.13909956511076543 0.3177573033080129
0 0.4712814867961328 0.2670137041164526 0.09849636259198719 0.27599671644818385
0 0.5421047437634278 0.1029077341026705 0.04640851511647553 0.10672038315395302
0 0.5786714678354069 0.08881935308221106 0.046156554639153205 0.10191269084626071
0 0.4850423372644259 0.11626976823856797 0.0693131545069866 0.08564526917211544
1 0.17766830097602215 0.6805931724928418 0.09256506975562874 0.20863307400021386