0 0.44471153846153844 0.8100961538461539 0.22115384615384615 0.3798076923076923
0 0.12740384615384615 0.2920673076923077 0.05889423076923077 0.21153846153846154
0 0.265625 0.24519230769230768 0.13341346153846154 0.29086538461538464
0 0.5745192307692307 0.6430288461538461 0.12980769230769232 0.375
0 0.8353365384615384 0.9302884615384616 0.24278846153846154 0.13822115384615385
0 0.8209134615384616 0.703125 0.17067307692307693 0.28725961538461536
0 0.671875 0.6814903846153846 0.15745192307692307 0.3858173076923077
0 0.484375 0.3125 0.11177884615384616 0.3112980769230769
0 0.5504807692307693 0.27884615384615385 0.07572115384615384 0.2704326923076923
0 0.47716346153846156 0.1141826923076923 0.037259615384615384 0.10336538461538461
0 0.4411057692307692 0.09975961538461539 0.037259615384615384 0.0985576923076923
0 0.5348557692307693 0.12860576923076922 0.06129807692307692 0.0829326923076923
1 0.8509615384615384 0.6959134615384616 0.07572115384615384 0.203125