0 0.4884708147056372 0.7718748956043944 0.1499847386154228 0.37191540596870876
0 0.669992558620067 0.8854755314904718 0.21820893923689783 0.16034466141352238
0 0.6268796923271313 0.7280844896356858 0.18081506993890584 0.3594949200386183
0 0.8552892980683525 0.7977388316863993 0.20557870292514535 0.3034971124172991
0 0.9107063778747282 0.8856959853905761 0.17858724425054362 0.12662993403753914
1 0.5027576151605395 0.642113785416133 0.04681069086604294 0.20694569591390533
0 0.18469136955122614 0.2639180432319614 0.12861140487623166 0.21458708774171598
0 0.27401837353034114 0.2714395150211539 0.026556473597563874 0.0880789161484511
0 0.31516353726340374 0.27843612679955626 0.05820041862049818 0.18608130783428475
1 0.6631986662802477 0.5692157167987035 0.059834872200729666 0.159793045602976
1 0.7034530453531106 0.7111358041144883 0.08134809549876 0.32192905613766076