0 0.4807692307692308 0.8028846153846154 0.1201923076923077 0.3581730769230769
0 0.6670673076923077 0.9254807692307693 0.20552884615384615 0.14903846153846154
0 0.6177884615384616 0.7608173076923077 0.15264423076923078 0.34134615384615385
0 0.8485576923076923 0.8329326923076923 0.1814903846153846 0.28125
0 0.90625 0.9350961538461539 0.16826923076923078 0.12980769230769232
1 0.49278846153846156 0.6742788461538461 0.03125 0.20192307692307693
0 0.1658653846153846 0.2920673076923077 0.11298076923076923 0.20072115384615385
0 0.2548076923076923 0.3004807692307692 0.019230769230769232 0.08653846153846154
0 0.2956730769230769 0.3088942307692308 0.04447115384615385 0.18028846153846154
1 0.6514423076923077 0.6033653846153846 0.04807692307692308 0.15384615384615385
1 0.6947115384615384 0.7451923076923077 0.055288461538461536 0.3137019230769231