0 0.7714090744100853 0.22963712085710775 0.14659864755657856 0.2710962688580519
0 0.8335401022659502 0.268367832581928 0.06141799696169524 0.17420303617984065
0 0.9437623523014445 0.2474984336794527 0.08474711241729913 0.20215818355361856
0 0.3857730081210756 0.8512823716403705 0.16894260902405145 0.24633489414515544
0 0.29907865871595896 0.76640780976495 0.16003288568021234 0.4060478400693188
0 0.13117655768520714 0.6417434363943925 0.2370814098588757 0.3013541824203351
0 0.06108152790555607 0.8135761330866872 0.12216305581111214 0.2490749268948838
0 0.009053154513444172 0.8785722625644689 0.018106309026888343 0.15631701333260067
1 0.30778222726239995 0.6305905020726423 0.07319001803106509 0.20852925552545132
1 0.3600990853281066 0.747782400393345 0.07140235372121467 0.21797654684289497
1 0.11535093010477729 0.6272950894799804 0.11972648649799857 0.18785265994581232