0 0.22956730769230768 0.2608173076923077 0.10817307692307693 0.2536057692307692
0 0.1622596153846154 0.2980769230769231 0.037259615384615384 0.16706730769230768
0 0.04447115384615385 0.27524038461538464 0.0733173076923077 0.19230769230769232
0 0.5228365384615384 0.8870192307692307 0.13581730769230768 0.22596153846153846
0 0.6237980769230769 0.8028846153846154 0.10216346153846154 0.3894230769230769
0 0.8125 0.6814903846153846 0.1971153846153846 0.2692307692307692
0 0.8834134615384616 0.8545673076923077 0.13942307692307693 0.22596153846153846
0 0.9495192307692307 0.921875 0.09735576923076923 0.14423076923076922
1 0.6358173076923077 0.6670673076923077 0.042067307692307696 0.20072115384615385
1 0.5661057692307693 0.7836538461538461 0.038461538461538464 0.21153846153846154
1 0.8305288461538461 0.6670673076923077 0.09375 0.17307692307692307