1 0.7694348479674823 0.13550298820385126 0.3065985056444802 0.21780776803263452
1 0.3982406057915228 0.17885300302449503 0.48540954852234053 0.30464450616102795
1 0.18699809055395 0.5493544265787281 0.32697194442668537 0.7178077680326346
1 0.8070005814571677 0.306268120469266 0.3010072195374722 0.19843710924302632
1 0.8400565604573462 0.5286460002629536 0.2877595333133687 0.22686359441266318
1 0.9067174109989135 0.7532050300454375 0.13523978414700202 0.1960147656169265
1 0.5315970195394916 0.7747805399226267 0.5180308376711429 0.3392076344473278
1 0.4029728982176569 0.8525316829078129 0.1759010900256734 0.2949366341843742
1 0.4783307790593993 0.5758815634320447 0.505130063877682 0.31722329516561487
1 0.4264623601060592 0.37220986702347997 0.4727046731787086 0.28746785918700735
1 0.07761281164092024 0.1958177931054592 0.15522562328184047 0.22336635544168762
1 0.06991561719825169 0.34231251893123554 0.13983123439650338 0.2327019609393942