1 0.1346153846153846 0.1971153846153846 0.2692307692307692 0.14423076923076922
1 0.5060096153846154 0.15384615384615385 0.4423076923076923 0.1814903846153846
1 0.7920673076923077 0.46634615384615385 0.1201923076923077 0.7019230769230769
1 0.13581730769230768 0.37259615384615385 0.2704326923076923 0.125
1 0.13942307692307693 0.6021634615384616 0.27884615384615385 0.15144230769230768
1 0.09254807692307693 0.8425480769230769 0.18389423076923078 0.1502403846153846
1 0.5060096153846154 0.765625 0.4651442307692308 0.21153846153846154
1 0.6538461538461539 0.8353365384615384 0.08173076923076923 0.328125
1 0.5144230769230769 0.5600961538461539 0.46033653846153844 0.18990384615384615
1 0.5204326923076923 0.3485576923076923 0.4326923076923077 0.16706730769230768
1 0.8810096153846154 0.08173076923076923 0.23798076923076922 0.16346153846153846
1 0.9074519230769231 0.22596153846153846 0.18509615384615385 0.1875