1 0.7271634615384616 0.8713942307692307 0.42788461538461536 0.2548076923076923
1 0.30649038461538464 0.6237980769230769 0.21875 0.2548076923076923
1 0.5336538461538461 0.5552884615384616 0.16826923076923078 0.28846153846153844
1 0.7391826923076923 0.5709134615384616 0.1778846153846154 0.21394230769230768
1 0.90625 0.6201923076923077 0.1201923076923077 0.21394230769230768
1 0.0673076923076923 0.6454326923076923 0.13221153846153846 0.2283653846153846
1 0.10697115384615384 0.37259615384615385 0.15625 0.21394230769230768
1 0.33653846153846156 0.36177884615384615 0.08413461538461539 0.19230769230769232
1 0.515625 0.1045673076923077 0.12740384615384615 0.16346153846153846
1 0.34134615384615385 0.13221153846153846 0.07932692307692307 0.08413461538461539
1 0.7872596153846154 0.2704326923076923 0.1658653846153846 0.23197115384615385
1 0.9579326923076923 0.140625 0.08413461538461539 0.2091346153846154
1 0.5480769230769231 0.2956730769230769 0.19110576923076922 0.17548076923076922