1 0.6670673076923077 0.4182692307692308 0.10576923076923077 0.11538461538461539
1 0.6971153846153846 0.4795673076923077 0.08173076923076923 0.08413461538461539
1 0.7956730769230769 0.3870192307692308 0.1201923076923077 0.10817307692307693
1 0.8317307692307693 0.453125 0.125 0.09375
1 0.8413461538461539 0.53125 0.09375 0.11057692307692307
1 0.8786057692307693 0.5973557692307693 0.10576923076923077 0.10336538461538461
1 0.38822115384615385 0.8870192307692307 0.5228365384615384 0.16346153846153846
1 0.26802884615384615 0.7608173076923077 0.46875 0.1310096153846154
1 0.7632211538461539 0.7524038461538461 0.4483173076923077 0.13822115384615385
1 0.5216346153846154 0.6430288461538461 0.43509615384615385 0.203125
1 0.2439903846153846 0.5865384615384616 0.4014423076923077 0.2127403846153846
1 0.33653846153846156 0.3870192307692308 0.4987980769230769 0.15625
1 0.5793269230769231 0.25240384615384615 0.5012019230769231 0.15985576923076922
1 0.5012019230769231 0.13341346153846154 0.5024038461538461 0.15745192307692307