1 0.1589819127565539 0.5798894392968484 0.14037699706651424 0.09934300414967968
1 0.1206997002769113 0.6427521102696048 0.15032815831162713 0.10918218932617553
1 0.06940624529409477 0.7049993296993057 0.13881249058818954 0.1359601978601498
1 0.04346951731578483 0.545702056932265 0.08693903463156966 0.08173277910886757
1 0.02168036605274221 0.5908715825928419 0.04336073210548442 0.0855893190318377
0 0.5111835677843207 0.3114200265941243 0.42955594135443553 0.6080692161549148
1 0.4432310270900456 0.36276601312110085 0.36920029595836457 0.39289600537649605
1 0.2304638866523874 0.7030460994848292 0.25241916430908795 0.4190006023490386
1 0.526259050272802 0.801686712063889 0.2954365626060226 0.396626575872222
1 0.38219999889570744 0.6981574967838677 0.10882175484847013 0.1586558560319445
0 0.7338178743602601 0.3430656973322656 0.1220162038217504 0.19258945288717955
0 0.661004231612545 0.3269361411307164 0.12260381292377459 0.20941637596410262
0 0.9230768721275234 0.40039834886896447 0.13453909953557341 0.2072922805116454
0 0.18865229192058613 0.21249262874033137 0.09870270528849306 0.1440089785477565
0 0.22963215510508717 0.1412724463693912 0.13526406254077789 0.1592713075750001
0 0.4092337961782499 0.19958322042190207 0.08849971157108391 0.12695825490972232
0 0.8576273889503688 0.4145126950814644 0.13842340611151263 0.1809618730998933
0 0.806421656714395 0.3652048689184302 0.11231687504893355 0.1899618061722223