1 0.6764573269123567 0.47563730139764115 0.12578316939762857 0.13898048080185313
1 0.6941015809512959 0.5423726518091511 0.09672723803425279 0.10191545860497578
1 0.8087038282934321 0.4742446146717905 0.14017827598507593 0.13467645343875334
1 0.831127804304434 0.5459555457058568 0.1400943649781872 0.12025337651567643
1 0.8258586014588537 0.6251145804679157 0.11372198312495331 0.13134922155315437
1 0.849477507962871 0.6980694066576212 0.12330939740470861 0.12687730587519042
1 0.3111130643208869 0.8649591757639391 0.5447796288932287 0.27008164847212185
1 0.23022300786930427 0.7184371496537347 0.46044601573860855 0.23495122238439264
1 0.705693462747026 0.8228824215981045 0.467632789285115 0.23743901269567075
1 0.4902423596410192 0.6614812935830628 0.46798241848048505 0.2975351665418246
1 0.22885246142345422 0.5441583034998886 0.4367603888161146 0.30125158480289993
1 0.3584931330725184 0.37076470053788985 0.5206712415156933 0.2657280918514843
1 0.6234196760369279 0.2934600963169577 0.5231030580051689 0.27061972831660874
1 0.5700953292212959 0.16056173739012042 0.5254929189912004 0.2682998263201947