1 0.213716557669611 0.8599598707339877 0.427433115339222 0.27432154262349384
1 0.6445774323673763 0.6229958429834308 0.24668755409096776 0.2646765025951034
1 0.425196802516877 0.5486880809626602 0.1983919977334333 0.2953391056651737
1 0.21907962982023693 0.5594930871444072 0.20056073725673793 0.2233076348969219
1 0.05956744391065517 0.6047203076800705 0.11913488782131033 0.22023247796601317
1 0.881743005099775 0.6490588542330128 0.15572812682336673 0.23479541130097806
1 0.8708575641419869 0.3753700337242713 0.1787580285741813 0.22065204720167733
1 0.6425509561842377 0.3600124450374867 0.10496171097938528 0.1957744471918876
1 0.49028409538571466 0.09877725224014297 0.14397806931741763 0.16980765129999917
1 0.662209635368385 0.13040318042161259 0.08778212795664987 0.0874894851393002
1 0.20291572332723345 0.2582439497135678 0.18971815957309504 0.23999470156195696
1 0.04980839603900471 0.12435666050531502 0.09961679207800941 0.2126013702688106
1 0.4385431863868269 0.28912863891203083 0.2098904752589106 0.18498595284727148