1 0.7908653846153846 0.65625 0.12259615384615384 0.0673076923076923
1 0.8088942307692307 0.7271634615384616 0.13221153846153846 0.07451923076923077
1 0.859375 0.8064903846153846 0.15865384615384615 0.09375
1 0.9206730769230769 0.6586538461538461 0.09134615384615384 0.057692307692307696
1 0.9507211538461539 0.7151442307692307 0.09615384615384616 0.06009615384615385
0 0.5336538461538461 0.2920673076923077 0.27163461538461536 0.5637019230769231
1 0.5817307692307693 0.36899038461538464 0.28125 0.3233173076923077
1 0.6862980769230769 0.7536057692307693 0.140625 0.390625
1 0.3641826923076923 0.7932692307692307 0.18028846153846154 0.41346153846153844
1 0.5420673076923077 0.7067307692307693 0.06850961538461539 0.14423076923076922
0 0.3088942307692308 0.26802884615384615 0.07091346153846154 0.17668269230769232
0 0.38341346153846156 0.27283653846153844 0.06850961538461539 0.19471153846153846
0 0.10817307692307693 0.2692307692307692 0.08653846153846154 0.18870192307692307
0 0.8689903846153846 0.296875 0.06129807692307692 0.1310096153846154
0 0.8509615384615384 0.21754807692307693 0.09735576923076923 0.13581730769230768
0 0.6610576923076923 0.22235576923076922 0.056490384615384616 0.1141826923076923
0 0.16826923076923078 0.3016826923076923 0.09495192307692307 0.15985576923076922
0 0.23197115384615385 0.2692307692307692 0.06129807692307692 0.17668269230769232