0 0.8573412944263771 0.1727904737306347 0.1431242789277095 0.3140384205307684
0 0.6286554003871062 0.20070211581308078 0.1559524168595769 0.26853317130195714
0 0.3941811890238319 0.16615571481909336 0.26108062878103533 0.32021670567496346
0 0.13548919014020028 0.19561892100818265 0.1624924020616587 0.2493863159183207
0 0.11074869187999739 0.4856879661411195 0.19849668462360326 0.31708560617929954
0 0.37434759443459564 0.4934424184130792 0.1626068806307751 0.32147372925132783
0 0.4390988194794198 0.5227492563531495 0.07827384251961132 0.24600347488125826
0 0.6717682314579042 0.5056129650394448 0.1477640829205376 0.30928667078783134
0 0.8510646303130228 0.5095387198869283 0.1771978458687162 0.32644924925328556
0 0.9182540145127883 0.8333726542379077 0.16349197097442342 0.3143461046369221
0 0.4740080494053365 0.8337676204524503 0.09289534216923666 0.32066256206237725
0 0.39929422544836757 0.8634948696934989 0.10513587099907931 0.2583303897566427
0 0.29818006587780715 0.8947317261176241 0.07625918274124117 0.18831116718895055
0 0.19320447506537075 0.8153916594648261 0.16227110400104677 0.3118583446359432
0 0.07279086931245113 0.8793181948660842 0.08595851151405785 0.1908268984723072
1 0.8974244767519989 0.18434817834063494 0.16159955074159008 0.2926275754051738
1 0.6331692881437861 0.19223271170986406 0.22719782548895642 0.175650281055663
1 0.5927541587272463 0.27446696402343024 0.128861431241876 0.11203142976055862
1 0.32946049839069214 0.20658838662293905 0.10401406254077782 0.15739682257748186
1 0.2057005640075208 0.10582348920335789 0.06082877592897921 0.15929718564853113
1 0.06743743808265089 0.10622991486314724 0.08081504257663721 0.18115557129216736
1 0.9154495443164343 0.45949066346769796 0.0521901867910952 0.11834788718601366
1 0.35774579895709496 0.5345175876462959 0.16207268127449823 0.2373670851490899
1 0.20280837106432398 0.5050577497184627 0.060546409044998646 0.08240208000783183
1 0.8742789684324054 0.8988499116804948 0.20109129442637708 0.18495798156489393
1 0.7048612243319994 0.8334862234980461 0.12721308250491875 0.13363807386279639
1 0.6797772903644472 0.9071252009376963 0.0401404216101802 0.04852446359496472
1 0.5342606538993228 0.9064136173676954 0.04039225408247646 0.055736002056503184
1 0.5860654329043528 0.8060106624883951 0.13699635543516742 0.13855765129999917
1 0.41362952867520203 0.7575158543064361 0.12844171045471542 0.10001219899132799
1 0.35451399984535925 0.820729122007065 0.1224893343546584 0.13598597745188756
1 0.12669425225328326 0.8390113938329377 0.04072803071220477 0.06535138667188779