0 0.15985576923076922 0.17067307692307693 0.12139423076923077 0.3076923076923077
0 0.3894230769230769 0.20432692307692307 0.13822115384615385 0.26322115384615385
0 0.6237980769230769 0.17427884615384615 0.2403846153846154 0.31009615384615385
0 0.8822115384615384 0.21033653846153846 0.14543269230769232 0.24278846153846154
0 0.90625 0.5024038461538461 0.17908653846153846 0.3076923076923077
0 0.6430288461538461 0.5024038461538461 0.13942307692307693 0.3161057692307692
0 0.578125 0.5300480769230769 0.06129807692307692 0.24278846153846154
0 0.34615384615384615 0.5084134615384616 0.12740384615384615 0.30408653846153844
0 0.16706730769230768 0.5072115384615384 0.15384615384615385 0.31971153846153844
0 0.09495192307692307 0.8377403846153846 0.1466346153846154 0.3245192307692308
0 0.5432692307692307 0.8401442307692307 0.07091346153846154 0.31850961538461536
0 0.6177884615384616 0.8725961538461539 0.08653846153846154 0.2548076923076923
0 0.71875 0.90625 0.0625 0.18509615384615385
0 0.8245192307692307 0.8293269230769231 0.14182692307692307 0.30528846153846156
0 0.9447115384615384 0.8954326923076923 0.07211538461538461 0.18870192307692307
1 0.1201923076923077 0.1814903846153846 0.140625 0.2860576923076923
1 0.38461538461538464 0.19471153846153846 0.21514423076923078 0.16466346153846154
1 0.42427884615384615 0.27884615384615385 0.12139423076923077 0.10576923076923077
1 0.6875 0.21634615384615385 0.09375 0.15264423076923078
1 0.8112980769230769 0.11899038461538461 0.05048076923076923 0.15745192307692307
1 0.9495192307692307 0.12259615384615384 0.0673076923076923 0.1778846153846154
1 0.10216346153846154 0.45552884615384615 0.04326923076923077 0.11658653846153846
1 0.6598557692307693 0.5444711538461539 0.14543269230769232 0.23076923076923078
1 0.8149038461538461 0.5180288461538461 0.055288461538461536 0.07932692307692307
1 0.14302884615384615 0.9002403846153846 0.18870192307692307 0.1814903846153846
1 0.3125 0.8353365384615384 0.11899038461538461 0.12740384615384615
1 0.33774038461538464 0.9086538461538461 0.037259615384615384 0.04567307692307692
1 0.4831730769230769 0.9122596153846154 0.036057692307692304 0.052884615384615384
1 0.43149038461538464 0.8100961538461539 0.12860576923076922 0.13221153846153846
1 0.6033653846153846 0.765625 0.12139423076923077 0.09375
1 0.6622596153846154 0.8305288461538461 0.11298076923076923 0.12980769230769232
1 0.890625 0.8545673076923077 0.037259615384615384 0.06370192307692307