0 0.3629807692307692 0.6670673076923077 0.27524038461538464 0.5144230769230769
1 0.22716346153846154 0.5180288461538461 0.07572115384615384 0.046875
0 0.078125 0.515625 0.15625 0.453125
0 0.2548076923076923 0.9338942307692307 0.1201923076923077 0.13221153846153846
0 0.3641826923076923 0.8028846153846154 0.16706730769230768 0.3942307692307692
0 0.5769230769230769 0.5889423076923077 0.16346153846153846 0.5408653846153846
0 0.8798076923076923 0.49038461538461536 0.17067307692307693 0.5108173076923077
0 0.16466346153846154 0.36899038461538464 0.12379807692307693 0.41346153846153844
0 0.039663461538461536 0.2620192307692308 0.078125 0.19951923076923078
0 0.09254807692307693 0.22235576923076922 0.07692307692307693 0.25600961538461536
0 0.042067307692307696 0.10576923076923077 0.08413461538461539 0.18269230769230768
0 0.31009615384615385 0.22716346153846154 0.1201923076923077 0.34134615384615385
0 0.44591346153846156 0.12860576923076922 0.10697115384615384 0.24759615384615385
0 0.45072115384615385 0.1622596153846154 0.0829326923076923 0.1778846153846154
0 0.484375 0.36538461538461536 0.10336538461538461 0.44471153846153844
0 0.5540865384615384 0.234375 0.08413461538461539 0.203125
0 0.6478365384615384 0.3942307692307692 0.1346153846153846 0.47836538461538464
0 0.6274038461538461 0.17668269230769232 0.09254807692307693 0.16466346153846154
0 0.8725961538461539 0.22716346153846154 0.13581730769230768 0.4543269230769231
0 0.9555288461538461 0.36177884615384615 0.0889423076923077 0.5120192307692307
0 0.8545673076923077 0.18870192307692307 0.11538461538461539 0.14543269230769232
0 0.9639423076923077 0.07692307692307693 0.07211538461538461 0.1310096153846154