0 0.6467100152661736 0.7248546895891377 0.3489616525288278 0.5502906208217246
1 0.7915142178988064 0.6141739719430185 0.08157975524995519 0.0622286680200853
0 0.9153143934480286 0.6395930644538445 0.16937121310394276 0.48232965968262076
0 0.7367134038587715 0.9699633635905265 0.13691310125743208 0.06007327281894703
0 0.6361783749617249 0.8271606274199426 0.22259854366690981 0.345678745160115
0 0.43831819935530086 0.6168071982168796 0.24137627095523762 0.5744266066847573
0 0.142163556594536 0.4615520821432334 0.24500857256395653 0.5460010714132474
0 0.8638602136288538 0.4791821007040582 0.18310444820032773 0.4375882639021364
0 0.970557970517475 0.39464048734957086 0.058884058965049876 0.2126194292757833
0 0.9438728348346024 0.3485320812014939 0.11225433033079514 0.2710625301240738
0 0.9735801345421998 0.24011818364479873 0.0528397309156003 0.19474095976225061
0 0.7276858217017224 0.31157539918867383 0.17055058683750948 0.36463164213746413
0 0.5980822081307433 0.18765854701716408 0.14269210552738443 0.2687785492642447
0 0.591040035741084 0.2205763106653835 0.10850362877995091 0.19392914391367502
0 0.5450343083349876 0.4141616593929477 0.1674529158223778 0.4649622527370368
0 0.48296081789947937 0.2722001603716515 0.11438876256170219 0.22079207018062655
0 0.3796586698441752 0.4116695493369651 0.20267394957485507 0.5063681212210823
0 0.41416144498356283 0.20031088573952913 0.11522542111691723 0.18254084100641005
0 0.16486953179247146 0.22520856521438717 0.1999313712772506 0.43906042891339
0 0.07893711769456198 0.3206873515551993 0.15336857104305932 0.5307977800334756
0 0.18655721193298622 0.1696193503952988 0.1361743919271315 0.1676067015153844
0 0.08373872834151541 0.05642936192279187 0.0905543797599539 0.10612882665128189