1 0.8958786149674669 0.41508898035320346 0.20547370683773636 0.21499167403774885
1 0.8851723872625283 0.6017477432039157 0.22453665405472817 0.18782799449017062
1 0.863495015019319 0.813902421953987 0.19570448537638896 0.18770812919615365
1 0.8082966557165042 0.9605277769161673 0.1907289710549192 0.07894444616766531
1 0.5121233181726923 0.23360295592015573 0.6632533636546154 0.43523890016737765
1 0.46862253077936794 0.4763167741612527 0.5904247354806761 0.30633346770156594
1 0.15079199738891966 0.1250283312551279 0.15229540292901025 0.15988410048589716
1 0.03468714586184225 0.5416161777713675 0.0693742917236845 0.1409246632350426
1 0.050779847628488514 0.3664056504749287 0.09945274304783928 0.1624688346263531
1 0.010145218282048037 0.7101861618212251 0.020290436564096074 0.13191078518091168
1 0.3320857882997477 0.8521634615384616 0.6641715765994954 0.2956730769230769
1 0.37849148382280257 0.6728622536072641 0.5954282201377755 0.34040793243005585
0 0.5495421602768791 0.5857707776409542 0.5962969032525917 0.8284584447180917