1 0.12259615384615384 0.23076923076923078 0.24519230769230768 0.13942307692307693
1 0.109375 0.421875 0.21875 0.11538461538461539
1 0.0829326923076923 0.6346153846153846 0.16466346153846154 0.13341346153846154
1 0.08052884615384616 0.8473557692307693 0.16105769230769232 0.1310096153846154
1 0.5685096153846154 0.19230769230769232 0.6213942307692307 0.23317307692307693
1 0.5444711538461539 0.44471153846153844 0.5805288461538461 0.10817307692307693
1 0.9375 0.21514423076923078 0.125 0.11899038461538461
1 0.9567307692307693 0.6622596153846154 0.08533653846153846 0.11538461538461539
1 0.9675480769230769 0.48197115384615385 0.06370192307692307 0.14182692307692307
1 0.9579326923076923 0.8401442307692307 0.0829326923076923 0.11298076923076923
1 0.5625 0.9074519230769231 0.6454326923076923 0.18389423076923078
1 0.578125 0.6646634615384616 0.5757211538461539 0.14543269230769232
0 0.421875 0.5841346153846154 0.3894230769230769 0.8305288461538461