1 0.38440113407449034 0.5144230769230769 0.7688022681489807 0.6538461538461539
0 0.5228957919870255 0.5 0.7907468775644106 1
0 0.8074128290740362 0.5673076923076923 0.3687188720662998 0.7307692307692307
0 0.8686945454233447 0.3317307692307692 0.06833206902585195 0.08413461538461539
0 0.7896124954087076 0.32572115384615385 0.11184208271392639 0.14903846153846154
0 0.7494551976022316 0.27884615384615385 0.16418388721807056 0.19471153846153846
0 0.3829400759876579 0.24759615384615385 0.14205952570888278 0.18269230769230768
0 0.37888535495788933 0.140625 0.06794027212619397 0.07451923076923077
0 0.21441171020851787 0.4014423076923077 0.3681842414727127 0.6586538461538461
0 0.27836867815190813 0.18870192307692307 0.16040057162853755 0.27884615384615385
0 0.16325137806408638 0.15264423076923078 0.06960540894973964 0.11538461538461539
0 0.10425101778305682 0.21394230769230768 0.20850203556611363 0.27884615384615385