1 0.6033653846153846 0.4891826923076923 0.6550480769230769 0.5096153846153846
0 0.46274038461538464 0.5276442307692307 0.5372596153846154 0.9447115384615384
0 0.14423076923076922 0.6598557692307693 0.28725961538461536 0.6802884615384616
0 0.0889423076923077 0.42908653846153844 0.04807692307692308 0.07451923076923077
0 0.16346153846153846 0.40384615384615385 0.07451923076923077 0.1346153846153846
0 0.1935096153846154 0.3485576923076923 0.11778846153846154 0.17067307692307693
0 0.5432692307692307 0.22956730769230768 0.09735576923076923 0.16466346153846154
0 0.5252403846153846 0.12379807692307693 0.05048076923076923 0.06370192307692307
0 0.7367788461538461 0.3389423076923077 0.1935096153846154 0.6310096153846154
0 0.6322115384615384 0.1466346153846154 0.08774038461538461 0.2644230769230769
0 0.7367788461538461 0.0829326923076923 0.038461538461538464 0.109375
0 0.8173076923076923 0.12740384615384615 0.16346153846153846 0.24759615384615385