0 0.6490384615384616 0.5877403846153846 0.18269230769230768 0.8245192307692307
0 0.7512019230769231 0.25600961538461536 0.08052884615384616 0.46274038461538464
0 0.7403846153846154 0.734375 0.09735576923076923 0.53125
0 0.8990384615384616 0.53125 0.1971153846153846 0.9375
0 0.07932692307692307 0.5 0.12860576923076922 1
0 0.23557692307692307 0.5168269230769231 0.15745192307692307 0.9663461538461539
0 0.4543269230769231 0.5048076923076923 0.19110576923076922 0.9891826923076923
0 0.37740384615384615 0.3737980769230769 0.10336538461538461 0.7331730769230769
1 0.2644230769230769 0.43149038461538464 0.06129807692307692 0.12379807692307693
1 0.36538461538461536 0.4110576923076923 0.07091346153846154 0.1346153846153846
1 0.7259615384615384 0.5240384615384616 0.078125 0.1310096153846154
1 0.7451923076923077 0.25721153846153844 0.02403846153846154 0.09735576923076923
1 0.8125 0.7487980769230769 0.021634615384615384 0.15384615384615385