0 0.598627583239056 0.6072349963463858 0.36457072504419447 0.7855300073072283
0 0.7737899514671558 0.34426912378480534 0.18321999269277164 0.47706469575163635
0 0.6553427138799269 0.7669494529095677 0.21357790940285945 0.46610109418086465
0 0.8252139120842581 0.5786782390486744 0.33697415196536795 0.842643521902651
0 0.11778846153846154 0.47131726246362743 0.23557692307692307 0.9426345249272549
0 0.21044386546402233 0.491913371081101 0.3723814998411861 0.9760159673652105
0 0.4281230334354025 0.5071808736036859 0.4129847023599643 0.9856382527926282
0 0.38128035869688054 0.38275455589092877 0.2662854364523927 0.7355258149805023
1 0.2595132980213084 0.40650362088094777 0.08865968235713281 0.13649486657601775
1 0.36300466287535416 0.4095169249895314 0.1013088143196694 0.14914399853855434
1 0.6892706241532894 0.6001680913596859 0.10599052638870067 0.1469921128620305
1 0.7677803360825404 0.34395417318815247 0.046156554639153205 0.10310320251877811
1 0.7225346475682424 0.8393405620480939 0.05626563858989842 0.15876960477322327